100 100
0000000000000101011000100000110100110010001000011000000100101100001100011000001000000010100010101001
0110011011100000010110011001001101101000110010001100101100000101010001001011010000111011100000010000
0100000001000100101010011100110000010110101110100000001000100000000001000100000010001100010000000000
0000100000010001011001101100111000110100100101010000010001111101010000000010000001010000010001001000
0100010010011010000000010000000110000100010100010100011101010000100000000100100000000011001100000000
1000100011010100100000110000011101000001000000001001000000101001110001000100101000010000111000001011
0000010100101000100010010000000101100001000100000011000100000100000101100000001101001000100001000100
1000101001000000010011000010100010001100000111010110000110010100000100001110100010010000110101001101
1010000100100111011010100100000001100101000000000000000100110000010110010010001010110001010101000010
0101000110000010010100100000110110010100000000100000000111110010000000000001111110000001000000000001
0000100011010010000001101100001110100110000101100000000000010101000110010001000110110101100000000000
1000000100100011000000101001100011100000100011100011000100000011000000000001000100000000100000000101
0101100101011011101001000000000001000000010000000101010011110001000000000100010000011000101001011000
1000101100011001000010000000001110011000100111000010111100000001110000110010100000100001010010000101
0101001101001001000000011000100000000101000000111000010001001000101000110000111110011010010000000000
0110000000000000101011000110000010000001100011010100011000110110100000001010100010111101000000000000
1001000000010001101001000000100011100000001100000011000000101001010000001000000000000000001010001000
0110000100110100101000100000100001100000101101010000111101110000000000000101010010000001100000000101
0000000111000100011011000000011000000010000000010010000110000000000100000000100010011010000000001000
0100000000010000101010101000100000000001000000101000000000011010000000000100000010100100000001110111
0000001111000011010001000101101000000000100000001100011000000000001100110101001101100000110101011000
1000101001100100000001000100000100000100001100001101010110001000000011001100100000000001000000111000
0100010101010011011001000000001000001000000001001000010000111000000010010001010010010000110011000000
1101010100001011010000000010101010100111000000001001011100010000100000001001011000000101011010001001
0011101100010001001101010100000100010000111000000000011001001000100000010010010000100001000010001010
0110011000000011101001000110110000000011011000010000101100001010100001010000100100000001000001000010
0000000100111100010100100010110101000111110110010000010100111001010000000011011000100000100110111100
0000010010100001100000111011000100010000110001000000110000000000000000010000011100100011110001000001
0010101000000110000111010000011110101100000010000100100101000010001010010111000100000000010101010000
0010000000001111111100100101000100000001101000001001001001010111100000101001000011001010011110011101
0010100100000000000100000100110111110000110000000000001000100010110010011100010000101001000010000000
0100000000001101010001001001001000001001001111010000100000010001000111100000100000101011000010000010
1001111000000010001000011000110100000000010010001101101100010010111010001110000100000110010000010000
1000010100000010110001000101000010001000000100010111000001000010000111010000100010100000000000000100
0000010111000010000011000100100010100000000000010010001100100010000001010000000110000110000001000010
1000011001010010000010000000000000000100010000001001100100000000100001000000011001100000000011000010
1001000010110010010001000000000000000000010000100111100010001010111001000100100000010001100000110010
1000001100100000010100001001000000010000000100000000000100011001010110101101010000000001010010010010
0110001010100001100000001001011101001000001010100110001000111010010000000010001001000000101100000000
1100001000010000010101011010100010000001000100000010001100000000101000000001101001110000000010100010
0000101010000100100010001110010110010101100000010000101000001000100000011000000101000010111001000011
0100100100101001100110001000100100000011001000011000000011000001000111000001000100011101000100111001
0000011011000010010010111001001000010001110100011101100000101100001000110100111000010000010110001001
0101100000000000000000000001010111101010000010000001100000001000001000101010010001111001100100000010
1001001100100111001100000000001101000001000001010010100000001100100001101000000000100000100001100000
0000001010100001011100110100100001001000010100000100010000010001100100100001011111101001000010010010
0000011011000001101010000111011011100000000011101010000000010000010100010101010100101001000001000001
1100000001001100000000101001000001001000010010000001011000100001000011100000000100000000000010101100
0110001000011101000000100000000000000010000010110101011001100000010010110000100100000000100001000000
0000001010000001000000010001100100000011000000001101110000100100000001000000000010000010100000001100
0100011011010011000101010010000000110000000011110000000100100010110000100100011000000010001010010000
0111011011000000001011000000000000000000010100010000010000110010101111100001100000101101000000101110
0010001010000101000001101000000111011000110000110000011000000100001000100000000010001000110000010010
0010110000010110101011000011010000001100100000010000010100111001000010000010000001000100110000001101
0001100010011000011100011111001000100101010010001100011000000100010000000000100000111101100000000001
0000100000010100011100000011001110101000000100100100011000000100000100000001110001101000000000101100
0100000101101000000001000000001110100100101001010010010110101110000010000001000000000100100001000000
0001010000000100010101100010011001011001010011011101011101001000100101010000000100000000011000101001
1100000001001000101011100100001110110000100001010010110001010000000000100101000100001001000011100010
1000001001010010000010001000100001110000000101010001101000101100000001011000000100000100000000011001
0001010000000011000010111000110010000110001101100100011000000001001000101100000000010100000001000100
0100010000110100000010001100010111001010001000101110001000001000101000010001100101010010111001010000
1001010001101101001000000000001101110000001000000010010100010011011100010000000001001000010101100100
0011000000001000110010000000010110100000001010000110010011011000011101001100100010011010001001010000
0000100010000000010001101001000100010010000000010011110010001110100000000000001000101000000000000000
0001111010001000000000010000011000100000010000000100010010010110000011000000000000001100010110000000
0101100000010000100110100000100001000000010100100010000110101000001101011000000010010000000000100000
0001000000010000000101010010010001000000111010101010000100111000000100010101010000000001101010000000
0110010000001001000010111011001100011111000000000011100001000010001100010000001101011000001100000011
0100010000100000100100011001000000010011010000010000011010001001110001001100000010100001000000000000
1011000010000010000001000011010101110000100000000010000000001001000000000000100000110001001001000000
0101010000001000000001110000110110011010001100011001101001001001100010010000001011001000010000001000
1010001000000000001000100010100110000010000001101000111000100110011000000010010010000011000010010110
0011011000100100000100000110110110010000000001001000010101001010000000001001100000010000000110000000
0101010001011010000100101101000010011000000111000000000001000000000001010001101011000000110001000011
0110011001101001010100010111001010010001010010011000111000000000000100010000101001010001100000110001
0000001000100001010010010011101001000000000000001011000001010000010000000100010010110010001001001110
0100100010100000100101010010000101001010000100010100011100010001000001000100000110010001011101101100
1001011010011000100001000100001101101000000000110100000110100001001001101011000000111100000010000010
1001000000000010001000000000010000000000000001000110100010000000111111000001110110000000000010001110
0000000100000011011100001110000001000010100000100001010000000010100000010000011100100100001100000100
0001110000010010011011000110111000010001110010001000000000011011001000000000010000100100010100011001
0100000001111110111000011011000100100101100110000000011010000101100010100100001011101000000010110000
0100000000011000000000010100000001000000101000000000101011011011001101001100110000111100000000100001
0000000001000100000110010001001100011010010011011110000101101101001110001011010101001010001100000000
1011000000001110000101001101101101011100000010000001100000010001000000101010000001000001000010100101
0100000000100010111000000100011100100000010010000010001010110110010011101001100000010001100001010001
0101101101100101100000100011000100110000000110000000000000001001000000000011011010010000000000011001
0000001010110110000101100010000110000010001000000010000000110000001110010010101001000101100000110000
0110110000001101100000010000001010001100001001100100100000111111000000000000101111000000110001010010
0010000110000011101010000000100100001000010011000000100000000110000011000000000100000100000000000010
1000000110010000011101000010001100101100000000000011000000000000111000000000001000100001000000000001
1100100100011010100010000000010100101000000100011010000100100010001001100010000010000100000111001100
0101101001101100011110001010100010011000000000110010001000000001001000010000001000001100000100000001
1011000110011010000001000001000001001000111101000101011000000011000100001001001010010000010010111000
0010001000000001000010001000001010000000010100100110000000000000001100110000101111000000001010000101
0101111000000010010100100010001100010000001100101001101000000101000110000000000001100101000001000001
0000000001100000011000000110010101000100000001000010010111001000000100100000100000110000010000101000
1011001101100000100001010110000000100100000001110100010011010001111000101100000101000010100000000101
0000000101101101100101011000100011000000000001000000000010100000010000000101011000010000000011000010
